city,x,y
0,39.571666,30.244032
1,29.999204,98.947091
2,90.051678,74.933818
3,71.423596,97.202844
4,28.171567,36.160218
5,30.589764,96.470573
6,32.459953,29.106578
7,98.021335,82.863392
8,24.296970,40.822366
9,66.762617,34.351496
10,8.872667,2.737545
11,65.006702,41.357019
12,21.506853,28.441449
13,43.625141,9.741682
14,74.817277,14.664234
15,91.459294,55.128562
16,78.565383,79.693820
17,28.388752,63.411850
18,46.475409,68.502664
19,55.250777,3.013740
20,77.986824,0.043851
21,75.307184,68.745909
22,92.097261,17.329490
23,43.894671,60.985947
24,99.568127,53.456953
25,7.595928,87.700456
26,16.640696,48.651550
27,97.875330,15.991988
28,90.361629,44.249228
29,93.757130,82.465409
