city,x,y
0,76.168245,17.035678
1,99.458727,7.010326
2,38.698600,76.449008
3,69.017986,45.883162
4,71.052065,64.036013
5,20.092122,83.904410
6,98.893016,60.865512
7,80.993661,87.723916
8,8.291153,28.100198
9,29.460176,87.938071
10,75.801225,35.035336
11,48.457482,9.794208
12,2.129379,15.920777
13,95.735959,63.086732
14,91.473470,9.068006
15,35.623443,23.035831
16,1.777431,74.739808
17,18.989018,95.764838
18,43.590481,13.150640
19,82.202516,93.441717
20,26.537269,95.227562
21,15.653373,82.512828
22,68.986841,48.396199
23,66.407458,25.666509
24,64.498454,47.424492
25,33.584982,1.393976
26,83.873587,50.974788
27,95.988667,88.429789
28,13.278653,38.752611
29,87.165245,77.092252
30,62.406602,28.106763
31,7.416870,9.303395
32,53.997978,99.222171
33,46.677710,52.174867
34,97.847784,27.592103
35,45.258228,58.945821
36,72.928313,30.558921
37,93.480585,64.229429
38,53.007325,36.213377
39,92.835396,29.330570
40,68.667920,0.394467
41,95.053378,55.206581
42,53.341152,19.268681
43,91.973055,30.800762
44,34.659107,20.687758
45,14.661215,88.253166
46,32.544064,7.055779
47,94.517293,42.561622
48,46.819431,48.918265
49,71.036646,17.030528
50,61.769493,83.516377
51,49.985844,68.372426
52,55.156161,90.748418
53,40.139117,66.926596
54,17.654003,9.245014
55,44.102422,98.023455
56,12.467624,83.732890
57,41.094006,62.892825
58,32.699989,23.947465
59,21.430338,58.157678
60,49.818052,97.540403
61,53.299361,21.293290
62,26.065802,15.926606
63,55.129475,60.021432
64,17.140114,16.910234
65,95.958544,48.447893
66,71.458976,65.216289
67,90.524856,30.877602
68,75.809979,39.357939
69,18.113333,42.525770
70,32.578489,91.548354
71,50.804863,35.449513
72,42.948932,60.002691
73,61.178464,8.214752
74,13.891896,95.295554
75,68.258979,65.666296
76,49.290925,21.494434
77,0.066428,72.134729
78,61.505666,42.051728
79,40.667265,2.672121
80,83.148046,24.564391
81,83.762273,94.338136
82,68.645061,45.777971
83,33.959558,87.844856
84,45.235287,31.132266
85,30.728497,39.192804
86,93.547272,98.036763
87,2.817114,65.194712
88,85.878178,40.740456
89,79.366367,24.763555
90,10.329700,7.792134
91,54.294243,3.631363
92,88.673322,2.739823
93,93.145137,69.100657
94,36.044433,28.690473
95,19.647209,44.924786
96,20.719614,21.703081
97,95.952851,24.360725
98,53.642446,4.807619
99,56.271575,93.982956
100,65.438433,59.552581
101,48.703805,80.482300
102,54.850400,99.885000
103,96.325616,75.542106
104,42.685907,54.314230
105,70.238092,38.017804
106,44.656231,1.744160
107,56.860724,76.689224
108,82.216606,10.887663
109,92.928886,93.742763
110,25.333662,6.511798
111,37.685725,43.535240
112,56.692357,61.936979
113,0.374376,94.364353
114,78.579359,49.767486
115,82.503622,38.476715
116,2.815537,99.370527
117,1.815355,96.219453
118,58.213054,28.184548
119,84.284022,45.516095
120,55.820702,1.072004
121,74.279057,1.604788
122,52.314621,69.649984
123,51.428379,77.416116
124,41.642093,72.148667
125,84.217909,54.601154
126,4.780509,92.576459
127,88.966674,38.996125
128,24.495320,62.652903
129,76.266884,99.675478
130,51.980443,40.185360
131,39.586291,13.856404
132,52.194843,58.732336
133,51.652415,95.563480
134,9.122283,83.235797
135,96.078594,88.625103
136,40.962077,81.568970
137,32.836169,75.746336
138,72.980670,68.172624
139,45.526197,40.439710
140,18.826877,31.081814
141,9.479303,49.732419
142,42.678761,60.769640
143,62.536913,66.490214
144,64.685479,10.332505
145,89.076815,44.947139
146,93.273626,8.301378
147,87.437247,43.155331
148,49.133524,32.886825
149,31.121172,65.516190
150,38.923407,78.438305
151,50.517800,39.402598
152,82.016499,65.431365
153,44.104334,35.205950
154,52.891795,87.060341
155,94.366217,83.995268
156,99.497706,80.931882
157,14.121474,88.052239
158,12.494245,44.444775
159,22.165252,75.955224
160,89.648534,11.694446
161,34.687130,71.633729
162,66.911119,74.326460
163,29.191068,16.612674
164,61.847256,47.086124
165,51.153426,65.427096
166,95.776260,8.029337
167,1.588349,34.873498
168,54.861175,87.890120
169,31.304870,85.599598
170,63.155066,74.373214
171,26.655735,96.836289
172,5.038902,63.314574
173,26.971170,30.514076
174,61.484960,35.801156
175,7.027872,50.515415
176,76.394987,87.695950
177,51.860092,66.257785
178,61.332431,62.772137
179,8.241930,10.447888
180,32.936082,13.145069
181,4.821234,59.498824
182,25.847026,98.565135
183,68.991778,97.387955
184,66.349334,26.884169
185,82.684256,5.059897
186,51.784243,26.783935
187,20.616780,66.601643
188,15.938521,36.956227
189,24.768714,44.058579
190,49.203276,85.987997
191,79.626327,40.265881
192,76.496575,95.677326
193,79.253312,97.576871
194,74.657583,92.512559
195,63.535553,82.392120
196,52.550563,36.273652
197,50.526038,56.513114
198,67.834571,41.547689
199,67.699718,53.718527
200,36.089968,10.188904
201,39.517702,91.193152
202,34.905360,67.336822
203,51.780421,83.013563
204,46.047459,22.124982
205,0.268143,39.239328
206,33.533228,9.552485
207,0.170381,30.392408
208,89.199714,14.794169
209,71.228048,61.190154
210,91.580835,5.103664
211,28.150142,26.910991
212,26.409586,70.763751
213,32.898608,77.578219
214,25.656351,21.061768
215,65.085883,33.065554
216,77.898122,95.006475
217,35.840831,91.145535
218,87.785581,70.510149
219,31.509933,36.883824
220,53.997830,33.766682
221,50.772995,36.995478
222,11.287137,54.743279
223,44.139937,42.909938
224,83.702968,3.434816
225,95.663014,83.670008
226,38.562939,64.507618
227,42.341454,61.167733
228,28.585416,7.064173
229,70.459728,37.249570
230,97.184270,10.002061
231,35.583209,88.695994
232,6.801283,82.954052
233,26.776407,14.371020
234,24.168130,5.413034
235,5.595170,59.707222
236,66.353046,43.696720
237,91.704344,64.382545
238,82.637407,31.782831
239,47.346416,15.497230
240,6.998163,89.191624
241,89.989380,84.911536
242,26.523611,79.111791
243,7.311451,21.523320
244,43.188914,0.340059
245,0.689296,81.160676
246,5.421813,30.481138
247,72.090631,38.288588
248,56.542656,35.744812
249,39.056055,75.790727
250,56.238703,18.405681
251,67.096097,68.251745
252,91.013835,59.744674
253,33.677832,38.403442
254,29.863584,14.983224
255,0.736958,25.124137
256,37.509371,87.798952
257,41.933196,93.830054
258,56.184274,95.252639
259,34.183896,28.467436
260,62.062593,21.431220
261,34.837890,68.460704
262,11.803996,43.417178
263,88.489375,14.352509
264,47.610095,46.685629
265,74.605964,76.500441
266,61.555842,71.797111
267,37.105250,99.296635
268,83.201640,81.510297
269,51.885395,74.749358
270,41.862730,77.866412
271,31.879946,23.913858
272,77.264385,12.014718
273,77.177295,19.530677
274,52.937755,68.526534
275,28.698405,42.724370
276,75.125678,7.713901
277,35.206090,62.006009
278,0.451913,56.164741
279,73.217955,41.003377
280,39.790985,8.763477
281,29.339215,99.046049
282,86.905100,35.766831
283,54.049573,60.809200
284,66.758321,35.965463
285,31.147009,89.118620
286,33.332741,23.959843
287,70.318223,88.354817
288,65.175638,99.834644
289,78.509826,60.712883
290,23.666047,18.072033
291,29.031099,55.391010
292,18.664245,28.552115
293,52.889833,92.958795
294,74.305144,64.166492
295,41.364150,31.323120
296,46.347886,43.100464
297,47.668289,24.778447
298,29.053880,71.660704
299,97.365333,90.038634
300,6.900477,10.912208
301,53.584078,0.218474
302,44.121655,67.471244
303,80.307226,29.913784
304,57.232944,46.433231
305,54.050800,46.492196
306,57.889862,91.461516
307,4.424516,34.440370
308,4.473562,37.403372
309,77.793759,15.322414
310,27.027618,57.678122
311,76.242221,33.757579
312,14.224965,66.393510
313,82.786218,68.594429
314,24.111672,66.087072
315,71.689489,31.387589
316,56.216609,80.480309
317,2.368295,1.112751
318,14.571529,99.624585
319,84.627739,61.792453
320,25.562458,28.623507
321,96.206692,4.471264
322,13.374221,87.687080
323,95.488821,70.358372
324,24.621238,63.431186
325,49.103022,2.345874
326,20.004164,62.503717
327,36.463463,91.305262
328,45.867469,94.223720
329,55.611883,44.055491
330,77.822008,80.357835
331,79.563236,31.251945
332,59.955898,18.076104
333,47.341325,6.012651
334,80.517807,16.003320
335,30.929119,16.935675
336,73.028965,27.081002
337,56.497805,46.372127
338,38.624391,34.999220
339,86.504853,1.274920
340,76.572904,82.708067
341,54.474357,66.137054
342,44.242686,91.041678
343,4.782511,21.898597
344,50.587371,59.169275
345,90.778098,44.555195
346,1.598821,95.586040
347,37.195078,75.086252
348,10.059206,24.587914
349,19.714427,88.224802
350,8.872235,81.593742
351,59.405723,89.456785
352,65.146815,96.612756
353,92.242426,21.819241
354,87.558282,41.480103
355,58.382952,7.175836
356,22.082245,20.706949
357,84.259007,86.434598
358,57.091100,96.339748
359,80.045350,68.385377
360,47.356501,61.651294
361,83.915612,40.104317
362,15.530065,33.347066
363,51.873262,16.614542
364,10.549787,60.310645
365,77.039161,51.753684
366,91.537836,72.502346
367,72.184292,57.753966
368,69.522079,56.558027
369,16.821792,80.009775
370,19.083345,35.508814
371,89.667503,31.808741
372,40.989616,46.924981
373,74.531688,4.018252
374,17.812967,69.765577
375,62.036026,77.204281
376,8.589753,69.655401
377,0.280973,8.400122
378,76.916880,63.254987
379,17.913691,12.884761
380,78.257028,21.090945
381,33.808856,42.971834
382,35.619126,94.477097
383,65.256460,83.180342
384,34.848884,14.928847
385,24.957579,25.587391
386,71.528271,34.235855
387,79.434238,96.178957
388,17.809980,0.070665
389,45.891233,40.473194
390,78.059108,61.177335
391,80.371075,10.929394
392,49.843340,77.664103
393,6.722454,64.425502
394,90.468726,23.330810
395,62.684363,70.342031
396,53.950500,64.893337
397,19.940267,32.555012
398,28.391025,60.894102
399,20.009242,48.264312
400,42.240387,6.839647
401,79.039911,21.183652
402,79.098231,53.292879
403,76.732813,23.054857
404,75.104879,76.228742
405,73.752910,24.035787
406,31.100408,58.109388
407,56.405884,55.749037
408,5.038352,15.644862
409,79.133108,20.934842
410,61.123283,61.926983
411,46.670540,79.483855
412,21.754425,37.643070
413,28.461362,78.471193
414,39.290677,30.684291
415,57.640344,29.951234
416,46.264803,36.640296
417,99.172031,50.188444
418,28.962298,31.504228
419,90.670598,78.682426
420,21.507719,14.358649
421,10.507392,38.633376
422,39.603275,88.144131
423,55.196615,65.399825
424,48.345864,22.990052
425,6.443598,31.118516
426,61.948823,19.785255
427,65.129538,85.591292
428,33.198437,36.152596
429,11.384433,74.396236
430,59.560800,53.945532
431,50.031524,5.167350
432,69.268163,2.803286
433,54.091765,98.067925
434,9.232993,53.446562
435,36.303630,12.500760
436,82.391643,16.218969
437,54.826133,96.974335
438,78.612688,0.292665
439,30.345431,66.034733
440,87.195011,16.722550
441,62.838763,46.230031
442,15.421515,60.461136
443,7.695296,56.739153
444,74.088416,95.215998
445,31.313802,68.660369
446,94.093584,95.259279
447,87.291733,28.886050
448,26.195188,27.241679
449,70.394611,96.663263
450,81.410834,4.883790
451,84.152519,45.689618
452,19.701620,44.305653
453,69.165470,41.077897
454,25.777054,78.078163
455,55.056558,29.738192
456,25.760422,57.652207
457,83.676671,22.749742
458,2.845464,64.700701
459,29.491337,5.743755
460,16.375272,23.963863
461,63.858660,34.260593
462,48.439995,37.894455
463,27.024732,5.975781
464,73.598267,47.807989
465,51.527359,76.756646
466,97.823742,53.676805
467,82.045722,86.410978
468,93.239974,8.401213
469,73.119943,62.983272
470,74.893816,59.660784
471,84.218213,57.285738
472,55.685494,54.797674
473,29.796329,33.534096
474,11.485999,64.301436
475,16.634716,52.119487
476,1.660169,77.409695
477,40.964347,59.745148
478,19.091383,25.552089
479,60.284215,28.001318
480,1.981018,18.629504
481,40.381781,57.928760
482,48.700385,25.918919
483,16.458441,15.156101
484,77.769194,36.978341
485,38.242475,49.703197
486,67.018087,36.388752
487,52.209879,27.907084
488,72.157795,69.179016
489,64.549988,98.077458
490,83.933049,31.287974
491,19.110657,94.180123
492,74.753755,83.872718
493,17.853441,74.887112
494,30.805121,47.717523
495,4.018644,25.542542
496,76.797689,49.530540
497,3.040861,35.401448
498,13.537566,49.639689
499,4.276417,74.598552
500,41.817218,39.407296
501,85.012096,90.263295
502,18.620014,79.119197
503,45.625221,77.786057
504,19.512263,62.754211
505,67.789332,26.965189
506,51.311725,51.071833
507,28.530423,31.637996
508,50.359891,68.420126
509,35.004078,95.182090
510,0.588786,41.569666
511,31.221449,28.649296
512,41.366337,22.443740
513,1.980785,88.204860
514,67.571631,71.208692
515,16.781097,24.872385
516,53.450076,13.889435
517,72.532247,62.136482
518,37.064201,82.629833
519,23.791421,63.061392
520,81.388297,35.738100
521,7.742956,43.221009
522,16.225367,52.511096
523,78.515229,73.464095
524,30.305471,6.602203
525,24.209899,61.422742
526,24.692149,57.216763
527,10.711979,16.026098
528,52.719808,71.706130
529,38.324059,38.267926
530,91.428661,23.832074
531,17.560566,65.770950
532,70.546279,83.162761
533,7.420567,73.608224
534,76.939485,45.914592
535,58.102916,34.961253
536,15.613959,54.281509
537,59.351564,84.003882
538,30.321046,84.368019
539,11.102037,70.152947
540,89.382754,27.378803
541,63.478650,28.739690
542,95.298923,60.916456
543,59.834029,70.375587
544,70.352318,30.522481
545,76.526617,58.006980
546,36.536390,79.196728
547,16.369702,73.820357
548,62.046791,75.374966
549,14.217833,89.579655
550,76.958136,12.626746
551,93.234850,84.552644
552,83.027849,77.798338
553,35.878133,28.378705
554,57.174713,48.719839
555,87.643402,38.242682
556,32.518454,88.806807
557,37.783725,22.712116
558,55.333071,21.266644
559,26.434618,12.313676
560,42.304139,81.797726
561,19.656316,84.084111
562,97.317056,26.334307
563,2.190939,73.299719
564,3.971047,85.832297
565,44.835073,42.852425
566,5.997014,25.124877
567,93.977812,99.133150
568,24.588622,89.881864
569,28.412663,7.167103
570,57.509551,69.297576
571,46.809890,36.185682
572,70.975737,86.468270
573,27.491766,57.865870
574,6.136184,40.112957
575,53.128171,3.315516
576,37.831339,79.490139
577,48.500826,97.036048
578,51.004596,4.411415
579,47.840135,15.414507
580,3.511354,93.905182
581,16.966320,39.580100
582,25.498619,76.951665
583,91.930108,3.707691
584,47.867223,94.778485
585,95.429877,57.505861
586,53.170908,63.677683
587,5.640516,31.854707
588,69.647782,82.876286
589,32.269472,54.476677
590,12.501990,61.670496
591,62.902334,22.990098
592,37.130772,9.460642
593,51.598836,0.158221
594,24.731039,45.396262
595,56.434706,75.378491
596,62.740582,67.196060
597,36.027565,58.353889
598,92.360188,36.008041
599,17.898093,11.508935
600,66.660524,79.167254
601,45.795863,80.863780
602,38.452773,67.676376
603,77.207534,9.557742
604,7.672734,37.844002
605,11.007780,20.963734
606,92.253702,87.636293
607,97.599844,46.829451
608,30.724759,50.598054
609,38.507153,93.514654
610,36.172599,34.215974
611,90.324284,55.662614
612,50.967304,81.987651
613,47.000033,0.870631
614,40.126294,25.622588
615,88.159224,1.782583
616,67.702105,6.972430
617,94.621556,26.758610
618,43.572406,36.875627
619,96.884558,69.868635
620,22.282669,76.768555
621,87.500099,30.353940
622,65.673630,2.725975
623,16.348882,20.652658
624,26.995622,6.163129
625,32.195233,6.422592
626,67.472186,38.588787
627,15.007095,34.446508
628,89.729515,41.027849
629,73.506124,58.923600
630,8.253314,19.545885
631,20.524960,83.353641
632,85.221389,40.380909
633,23.865078,65.353393
634,35.855502,61.470107
635,75.861737,12.042084
636,77.958429,15.992238
637,59.271369,53.004970
638,94.462796,59.064368
639,15.780301,54.387093
640,95.602997,9.452472
641,37.188060,51.417462
642,99.003536,18.206705
643,0.761866,4.832992
644,36.854382,75.581475
645,50.072613,2.665262
646,90.990589,51.151598
647,41.961215,15.213906
648,66.912006,3.300834
649,16.046852,78.267452
650,6.003207,91.029662
651,42.360531,41.224199
652,77.231478,2.374010
653,65.672989,48.326822
654,10.888705,19.051344
655,32.614404,15.293411
656,26.075145,36.419945
657,4.658517,18.152198
658,40.600298,2.314424
659,30.059342,91.693597
660,85.077415,57.524260
661,52.490561,62.426916
662,37.763997,40.656975
663,34.320237,42.064663
664,72.872662,20.990665
665,8.069413,34.135032
666,29.376896,80.083701
667,82.825636,10.877862
668,58.497251,40.200262
669,21.630791,52.132507
670,39.555487,79.414557
671,23.918926,20.490874
672,85.512589,14.551534
673,51.875258,65.113952
674,88.411554,15.677492
675,59.102165,76.579809
676,13.772379,35.051786
677,97.190260,19.327593
678,45.699579,25.119107
679,2.198180,57.003534
680,3.459441,4.184856
681,82.806109,9.318894
682,67.781065,58.475224
683,36.619178,37.437172
684,9.012067,11.926629
685,19.290937,30.088089
686,9.751299,64.022816
687,12.337644,16.380194
688,61.752989,68.435054
689,38.987285,4.901262
690,51.739606,18.722858
691,66.525841,45.027650
692,36.302863,89.465134
693,83.328182,50.114440
694,11.562396,56.039143
695,55.928616,43.404945
696,11.985361,83.628090
697,65.322050,4.514476
698,57.242061,24.222830
699,15.195289,17.024130
700,43.978737,74.363091
701,62.357757,55.464245
702,70.360156,50.351903
703,99.998573,55.867838
704,8.060742,73.881231
705,30.691813,48.164902
706,10.878843,67.833430
707,58.309013,26.964509
708,13.678834,38.961141
709,82.672367,53.163329
710,85.468732,94.756069
711,44.768032,84.662558
712,77.993070,83.300100
713,22.892267,57.847498
714,44.099012,51.885911
715,57.020849,60.694606
716,44.054786,17.786900
717,61.281279,41.519695
718,60.455128,55.849207
719,78.427120,11.905936
720,30.972083,15.642858
721,3.247422,48.452822
722,16.226095,36.643034
723,97.894468,49.076956
724,26.948479,20.549801
725,21.339466,88.264958
726,24.719983,27.610506
727,57.885388,34.291830
728,62.007930,87.243997
729,35.444838,26.952244
730,88.494559,12.992024
731,39.533786,72.362195
732,96.203640,75.585635
733,20.205549,72.174509
734,9.330881,5.116314
735,23.028289,54.935894
736,74.263672,13.550580
737,83.013311,47.205589
738,16.225391,94.515881
739,49.286831,81.390808
740,78.292698,87.420204
741,94.149165,80.155264
742,84.285129,78.808465
743,27.696773,55.022089
744,22.308585,30.552816
745,30.485585,68.562992
746,1.882098,25.645475
747,90.500672,0.678002
748,34.257343,50.720549
749,78.145466,26.116877
750,45.489560,75.915603
751,73.348418,10.948640
752,99.453903,1.943847
753,79.910204,93.240339
754,73.081747,88.199250
755,23.888112,14.934692
756,17.160248,44.788148
757,83.875599,6.439392
758,70.930142,28.287689
759,64.753477,50.351351
760,32.349133,57.950562
761,47.887193,77.522799
762,78.511825,33.596952
763,93.061663,57.279384
764,15.921966,49.387486
765,26.110955,97.466307
766,62.253818,12.805259
767,93.741043,49.324507
768,94.849442,48.799423
769,2.012015,1.231873
770,52.034304,71.526357
771,91.394931,87.314930
772,3.303436,33.170249
773,96.797055,90.480820
774,86.672037,80.044724
775,64.321822,79.470673
776,82.907834,83.103267
777,36.318146,43.116707
778,56.349339,20.125964
779,35.259188,92.995837
780,92.356519,41.345945
781,85.701757,10.353604
782,84.750321,55.106371
783,31.852812,80.478501
784,58.931223,81.556721
785,37.962762,58.306940
786,46.732018,57.179067
787,73.250325,16.310208
788,98.592662,61.335876
789,64.523443,46.800959
790,29.655786,18.558822
791,87.411118,86.056017
792,17.037874,32.031446
793,91.751962,33.712131
794,54.897351,2.198390
795,48.384006,48.570988
796,92.416562,8.579528
797,95.503321,36.753215
798,59.277030,52.482484
799,77.817474,73.648156
800,30.153455,0.089225
801,25.752817,55.708118
802,47.856085,59.889104
803,47.614411,4.640880
804,10.082102,80.810991
805,93.367033,72.160814
806,23.889580,25.880165
807,27.586050,91.584551
808,40.831967,56.057748
809,49.017356,23.004802
810,96.189639,52.676288
811,90.954181,86.308994
812,47.562948,64.798372
813,33.088368,77.797372
814,90.848278,72.763593
815,48.632117,72.525964
816,39.640435,38.704416
817,62.114111,45.669682
818,40.985466,76.088951
819,96.663851,5.121101
820,92.206919,49.691644
821,9.449227,35.779306
822,66.889157,92.302307
823,59.973276,89.819457
824,91.846399,89.731648
825,13.841490,1.618618
826,32.445699,16.827925
827,21.338154,0.016892
828,77.860697,44.352254
829,23.536232,80.971737
830,94.542050,4.634321
831,4.996564,44.184655
832,54.919333,48.776055
833,13.875643,42.590757
834,7.201617,39.714347
835,75.485667,96.981549
836,14.332970,30.826339
837,7.679761,30.167532
838,74.351208,60.478804
839,0.915981,10.207074
840,96.452568,14.844162
841,86.959151,14.118098
842,31.963928,41.410002
843,92.953873,64.967869
844,95.190549,55.306850
845,33.036585,53.120984
846,51.183292,57.134696
847,17.051034,74.398126
848,14.840330,18.392441
849,86.135050,54.632019
850,8.001109,42.295131
851,45.536330,16.119754
852,93.123004,7.323784
853,53.769592,44.554069
854,3.738015,55.746225
855,57.942530,78.527220
856,31.433239,88.491651
857,20.603966,12.447519
858,21.488755,62.901871
859,32.787770,80.864686
860,33.045543,86.390725
861,57.413808,86.705019
862,20.668678,23.682279
863,5.238957,66.815936
864,54.050142,16.221774
865,78.114740,66.381617
866,12.676054,58.394048
867,58.514288,3.558925
868,48.228020,32.679369
869,51.138523,87.900707
870,82.229586,59.826339
871,46.258965,64.547662
872,83.785948,12.065003
873,94.087825,62.565839
874,2.259046,91.973354
875,1.047857,0.881877
876,70.372956,57.516220
877,89.161158,58.357816
878,82.426276,14.539170
879,88.305113,83.567071
880,38.559001,7.321036
881,11.432222,76.150123
882,64.435104,73.810262
883,21.047225,94.660662
884,64.933719,20.409332
885,57.623714,93.185059
886,58.042962,4.216760
887,53.943574,60.161576
888,76.354012,22.544015
889,53.687139,57.841863
890,26.638806,76.228869
891,65.627678,7.164425
892,74.211255,6.590050
893,43.269175,25.134891
894,41.342277,73.098091
895,45.661981,50.687754
896,1.600404,99.886595
897,28.032408,19.537147
898,48.025808,76.372132
899,6.817179,65.498780
900,57.291146,44.378212
901,73.587739,9.110114
902,97.874670,62.629222
903,84.177706,63.833186
904,58.915319,9.606000
905,91.566472,16.161360
906,42.365187,82.102918
907,99.532253,24.885238
908,21.725134,0.501384
909,30.718085,21.680041
910,58.002416,71.175989
911,45.522064,34.452855
912,84.145257,81.928348
913,97.233321,29.254734
914,61.751668,92.872008
915,91.325794,33.758319
916,37.962460,12.488643
917,67.769526,3.166825
918,74.267126,43.586611
919,42.138033,17.043211
920,91.695203,55.142597
921,12.142922,95.895749
922,85.092817,68.275221
923,30.182174,3.225596
924,90.561809,65.131719
925,94.180735,48.568370
926,1.830634,51.911728
927,12.082934,29.662185
928,35.418381,17.450584
929,2.529392,46.664238
930,98.816633,63.559196
931,81.138062,17.549629
932,74.508513,79.233261
933,41.938332,44.428326
934,67.319696,11.360425
935,14.049206,56.321111
936,53.994134,48.893230
937,67.528851,77.118679
938,33.704318,13.043281
939,36.368387,35.420036
940,27.611122,7.905692
941,65.311040,21.008120
942,76.116973,28.380842
943,17.868074,64.745405
944,9.470702,53.828796
945,58.178547,0.521896
946,71.906291,12.207364
947,42.312854,94.210217
948,83.689624,73.007475
949,2.556417,44.994248
950,38.193544,43.014882
951,58.116824,59.900156
952,56.704090,20.178423
953,91.849998,53.938893
954,71.496928,50.803788
955,48.561223,71.761142
956,28.767841,0.953124
957,69.889528,97.220611
958,93.562445,17.353919
959,27.284083,12.671796
960,7.901760,45.137023
961,99.368383,99.413993
962,23.631276,15.573252
963,60.832745,92.678625
964,80.757977,58.140174
965,11.358373,99.648197
966,94.511227,29.970431
967,58.831894,61.915893
968,47.765315,34.926240
969,95.119378,59.275390
970,83.016442,22.216525
971,55.693867,76.549605
972,88.090715,31.840285
973,48.259811,58.997543
974,48.573185,91.108530
975,20.218393,38.484381
976,13.581805,27.703318
977,59.033427,92.958974
978,9.125544,24.727907
979,21.529907,3.046829
980,74.390839,11.764016
981,86.507469,30.226425
982,35.955344,15.950572
983,36.122635,63.294317
984,89.186563,80.221738
985,15.661680,91.131087
986,30.151870,60.504387
987,30.051701,72.239292
988,22.118415,90.936692
989,58.381023,89.146632
990,63.220714,46.159033
991,26.671966,7.749808
992,73.722791,7.224910
993,83.820986,11.515099
994,10.408484,96.771432
995,39.178093,51.232733
996,5.519940,67.467457
997,10.537303,15.945912
998,76.712229,95.790873
999,79.974842,46.023077
